9999
9999
9999
9998
9996
9995
9995
9995
9994
9993
9993
9991
9991
9990
9990
9989
9989
9989
9988
9988
9985
9983
9983
9981
9981
9981
9979
9977
9976
9976
9976
9974
9974
9973
9971
9970
9965
9964
9964
9963
9963
9963
9963
9961
9960
9959
9958
9957
9957
9954
9953
9952
9950
9949
9949
9949
9948
9946
9945
9945
9941
9939
9939
9939
9939
9938
9938
9937
9937
9934
9933
9932
9929
9928
9928
9928
9928
9928
9925
9924
9923
9923
9923
9922
9922
9921
9920
9919
9916
9914
9913
9910
9909
9909
9909
9908
9905
9903
9901
9900
9900
9900
9897
9897
9896
9896
9896
9894
9893
9893
9893
9892
9891
9890
9890
9890
9888
9888
9886
9886
9885
9885
9882
9882
9881
9878
9878
9877
9877
9876
9874
9872
9868
9865
9865
9865
9863
9863
9863
9862
9861
9861
9860
9856
9853
9848
9845
9845
9842
9842
9839
9837
9837
9836
9836
9836
9836
9835
9833
9833
9829
9828
9827
9827
9825
9825
9824
9823
9822
9821
9821
9821
9820
9820
9820
9820
9820
9820
9819
9819
9817
9816
9816
9816
9815
9814
9812
9810
9808
9808
9806
9806
9805
9804
9804
9804
9803
9802
9802
9802
9801
9797
9797
9796
9795
9794
9794
9789
9789
9787
9786
9785
9785
9780
9780
9780
9779
9778
9776
9775
9775
9773
9773
9772
9772
9772
9769
9768
9767
9765
9764
9762
9762
9761
9760
9759
9757
9757
9755
9754
9752
9751
9751
9751
9750
9750
9750
9750
9750
9749
9749
9747
9745
9745
9744
9743
9742
9742
9741
9741
9741
9740
9740
9738
9738
9737
9736
9735
9735
9735
9735
9734
9734
9734
9733
9731
9731
9730
9727
9725
9725
9725
9724
9723
9722
9722
9722
9721
9719
9718
9718
9717
9717
9717
9714
9713
9712
9711
9710
9709
9709
9707
9706
9704
9704
9702
9698
9698
9698
9698
9690
9689
9688
9688
9687
9687
9686
9686
9684
9683
9683
9683
9682
9681
9680
9678
9676
9676
9673
9673
9672
9670
9670
9669
9668
9667
9666
9666
9666
9664
9663
9663
9661
9661
9657
9654
9654
9654
9653
9652
9652
9650
9650
9650
9648
9648
9644
9644
9644
9641
9641
9639
9639
9639
9639
9636
9635
9633
9632
9632
9630
9626
9625
9624
9624
9623
9623
9623
9622
9622
9621
9620
9620
9619
9619
9618
9617
9617
9617
9614
9613
9612
9610
9609
9608
9608
9606
9605
9605
9605
9601
9599
9597
9597
9596
9596
9596
9594
9594
9594
9593
9592
9592
9591
9590
9589
9589
9589
9588
9587
9586
9585
9585
9583
9581
9579
9578
9577
9576
9571
9571
9570
9570
9569
9569
9567
9566
9565
9564
9564
9564
9563
9563
9560
9560
9559
9558
9557
9557
9556
9556
9556
9556
9556
9555
9555
9554
9553
9553
9553
9553
9551
9547
9546
9546
9546
9546
9545
9544
9544
9543
9543
9541
9540
9539
9538
9538
9538
9536
9534
9532
9531
9530
9530
9530
9529
9528
9526
9523
9522
9521
9520
9520
9519
9518
9518
9518
9517
9517
9516
9516
9514
9512
9511
9510
9510
9509
9507
9504
9503
9503
9501
9500
9500
9499
9498
9498
9497
9497
9495
9494
9494
9491
9491
9489
9489
9489
9488
9488
9487
9487
9485
9485
9483
9483
9480
9480
9478
9477
9477
9475
9474
9473
9473
9473
9473
9472
9472
9471
9471
9470
9469
9468
9467
9467
9467
9466
9465
9463
9463
9463
9462
9462
9462
9461
9460
9459
9459
9459
9457
9456
9456
9454
9453
9453
9453
9452
9449
9449
9448
9447
9447
9446
9446
9446
9444
9444
9444
9444
9441
9441
9441
9440
9439
9438
9437
9436
9435
9435
9435
9435
9434
9432
9431
9431
9430
9430
9430
9429
9428
9428
9425
9425
9424
9420
9419
9418
9417
9417
9417
9415
9415
9414
9412
9411
9411
9411
9409
9408
9407
9402
9402
9401
9400
9400
9399
9399
9398
9396
9392
9391
9389
9387
9387
9383
9383
9380
9379
9378
9376
9376
9376
9376
9376
9375
9370
9370
9370
9368
9367
9366
9365
9363
9362
9361
9360
9359
9358
9356
9356
9354
9353
9353
9351
9351
9351
9349
9349
9347
9346
9345
9344
9340
9340
9340
9338
9338
9337
9335
9334
9334
9333
9332
9330
9327
9326
9326
9326
9326
9324
9323
9322
9322
9320
9319
9316
9316
9316
9316
9315
9314
9314
9314
9313
9312
9309
9308
9307
9307
9299
9298
9298
9296
9294
9293
9293
9292
9292
9290
9287
9286
9281
9280
9278
9277
9277
9277
9276
9274
9274
9273
9273
9271
9271
9268
9265
9264
9263
9262
9262
9262
9262
9261
9259
9259
9256
9255
9255
9255
9254
9253
9252
9250
9250
9249
9248
9248
9247
9247
9246
9245
9245
9245
9244
9243
9241
9241
9241
9240
9240
9239
9239
9239
9238
9236
9235
9233
9232
9231
9230
9230
9230
9229
9229
9229
9227
9226
9225
9225
9224
9224
9224
9224
9224
9224
9223
9221
9219
9218
9217
9216
9216
9215
9214
9213
9212
9212
9212
9211
9210
9210
9210
9210
9209
9208
9208
9207
9206
9205
9204
9202
9201
9200
9200
9200
9200
9196
9195
9194
9193
9190
9190
9189
9189
9186
9186
9184
9183
9182
9180
9180
9177
9176
9176
9172
9172
9171
9171
9171
9170
9168
9168
9167
9167
9166
9166
9165
9165
9164
9164
9164
9163
9160
9160
9157
9156
9155
9154
9154
9154
9154
9151
9150
9148
9146
9146
9146
9145
9144
9143
9143
9142
9141
9140
9140
9139
9138
9136
9135
9134
9132
9132
9127
9127
9126
9125
9124
9123
9123
9123
9122
9122
9120
9120
9119
9119
9118
9118
9117
9116
9114
9113
9113
9113
9112
9112
9109
9107
9106
9106
9106
9104
9104
9104
9101
9100
9100
9099
9097
9094
9094
9094
9093
9091
9091
9090
9089
9088
9087
9087
9086
9085
9085
9085
9084
9082
9081
9079
9078
9076
9072
9070
9070
9068
9068
9067
9067
9064
9064
9064
9064
9062
9062
9061
9060
9058
9055
9055
9055
9054
9053
9053
9050
9048
9047
9046
9046
9045
9044
9043
9043
9041
9040
9039
9036
9036
9034
9033
9031
9031
9029
9029
9028
9028
9028
9027
9025
9023
9022
9020
9019
9019
9016
9016
9015
9014
9014
9012
9011
9010
9009
9008
9007
9006
9005
9005
9003
9002
9000
8999
8999
8999
8998
8995
8995
8994
8992
8989
8989
8988
8984
8984
8984
8980
8979
8979
8977
8975
8975
8974
8972
8971
8971
8970
8969
8967
8967
8966
8966
8963
8963
8961
8960
8960
8960
8960
8959
8958
8956
8955
8954
8951
8951
8949
8948
8945
8944
8944
8942
8939
8938
8938
8938
8936
8935
8934
8933
8931
8931
8931
8931
8928
8923
8922
8921
8921
8920
8916
8915
8915
8914
8914
8913
8913
8912
8912
8911
8910
8910
8906
8906
8904
8903
8902
8902
8901
8896
8894
8893
8892
8890
8887
8887
8886
8885
8885
8884
8884
8884
8884
8883
8882
8880
8880
8879
8878
8878
8877
8875
8875
8874
8872
8870
8869
8868
8868
8867
8866
8863
8862
8862
8858
8858
8855
8854
8854
8853
8852
8851
8850
8849
8848
8848
8847
8846
8845
8842
8842
8841
8839
8839
8839
8839
8838
8838
8837
8836
8836
8835
8834
8834
8830
8830
8829
8829
8829
8829
8828
8826
8826
8826
8826
8825
8825
8824
8823
8823
8823
8822
8818
8818
8817
8817
8816
8814
8813
8813
8809
8808
8808
8806
8805
8805
8804
8803
8802
8801
8800
8796
8796
8795
8793
8792
8790
8790
8790
8788
8786
8785
8784
8784
8782
8781
8780
8779
8778
8776
8775
8774
8773
8772
8770
8770
8769
8769
8768
8766
8766
8765
8764
8764
8763
8763
8763
8762
8762
8761
8761
8760
8759
8756
8756
8755
8754
8753
8753
8751
8751
8750
8750
8750
8749
8749
8749
8748
8747
8747
8744
8743
8743
8742
8742
8741
8741
8740
8739
8738
8736
8735
8735
8734
8732
8732
8731
8729
8728
8727
8725
8725
8723
8723
8722
8721
8721
8718
8717
8717
8716
8716
8716
8715
8715
8715
8715
8714
8714
8713
8713
8712
8711
8709
8709
8709
8709
8708
8708
8706
8705
8704
8703
8701
8699
8699
8698
8697
8696
8694
8693
8692
8691
8690
8689
8688
8687
8687
8685
8683
8683
8682
8681
8681
8680
8678
8677
8677
8677
8676
8675
8675
8674
8674
8674
8672
8671
8670
8670
8670
8668
8666
8666
8666
8664
8664
8664
8660
8658
8658
8657
8657
8653
8652
8651
8648
8648
8648
8647
8647
8646
8646
8646
8646
8645
8645
8645
8641
8640
8640
8640
8638
8637
8634
8634
8633
8633
8631
8630
8628
8627
8627
8626
8626
8625
8624
8624
8620
8619
8619
8619
8618
8618
8618
8616
8615
8614
8613
8613
8611
8609
8609
8607
8605
8604
8604
8604
8602
8601
8601
8601
8600
8598
8598
8598
8597
8597
8597
8595
8594
8593
8593
8593
8593
8592
8592
8591
8590
8589
8589
8589
8587
8586
8586
8585
8585
8583
8582
8581
8581
8580
8580
8579
8578
8578
8578
8578
8577
8576
8575
8574
8573
8573
8573
8572
8571
8571
8569
8569
8568
8566
8565
8565
8564
8563
8563
8562
8562
8562
8559
8559
8559
8556
8555
8555
8552
8547
8544
8544
8544
8543
8542
8542
8540
8539
8539
8537
8535
8533
8533
8532
8532
8528
8527
8527
8526
8526
8526
8526
8525
8525
8523
8523
8522
8521
8521
8521
8519
8518
8517
8517
8513
8512
8511
8510
8504
8500
8498
8498
8497
8495
8494
8493
8492
8492
8491
8490
8488
8488
8486
8486
8486
8483
8483
8482
8482
8480
8480
8479
8478
8477
8477
8476
8476
8472
8471
8471
8471
8470
8467
8465
8464
8464
8464
8463
8462
8462
8461
8460
8460
8459
8459
8458
8457
8456
8456
8455
8454
8453
8452
8451
8451
8451
8450
8450
8449
8449
8448
8448
8447
8446
8446
8445
8445
8444
8444
8444
8443
8443
8441
8441
8441
8440
8439
8439
8439
8437
8437
8436
8436
8435
8434
8433
8433
8430
8429
8429
8428
8428
8426
8426
8425
8424
8424
8423
8423
8423
8422
8420
8420
8420
8420
8420
8419
8418
8417
8417
8414
8412
8412
8411
8409
8409
8408
8406
8403
8402
8401
8401
8398
8397
8396
8396
8395
8392
8392
8391
8383
8382
8380
8380
8379
8378
8377
8376
8374
8373
8372
8372
8371
8369
8368
8366
8366
8366
8364
8363
8363
8360
8360
8359
8358
8357
8356
8354
8350
8350
8350
8349
8348
8348
8347
8346
8343
8342
8342
8341
8340
8340
8339
8338
8338
8338
8338
8337
8337
8336
8336
8335
8333
8333
8333
8333
8331
8331
8331
8331
8331
8330
8329
8329
8328
8327
8325
8323
8323
8322
8321
8320
8319
8319
8319
8317
8316
8315
8314
8311
8311
8310
8305
8304
8303
8303
8302
8301
8300
8298
8297
8297
8296
8295
8295
8294
8293
8291
8291
8288
8285
8285
8284
8282
8282
8280
8279
8278
8277
8277
8277
8274
8272
8272
8270
8270
8270
8268
8268
8267
8267
8266
8265
8264
8260
8260
8259
8259
8258
8257
8256
8256
8254
8253
8253
8252
8252
8250
8247
8245
8244
8243
8243
8241
8241
8241
8240
8239
8238
8237
8237
8236
8235
8235
8235
8234
8233
8233
8232
8232
8231
8229
8229
8228
8228
8227
8224
8224
8224
8223
8218
8218
8217
8216
8215
8214
8212
8211
8209
8206
8206
8206
8206
8203
8203
8201
8199
8198
8197
8197
8195
8195
8195
8194
8193
8193
8192
8192
8191
8190
8188
8187
8186
8184
8182
8182
8181
8180
8179
8178
8178
8178
8177
8177
8175
8173
8172
8171
8171
8169
8169
8169
8168
8168
8165
8161
8161
8159
8159
8159
8159
8150
8149
8144
8144
8142
8141
8141
8138
8136
8133
8133
8133
8132
8132
8132
8132
8132
8131
8131
8131
8130
8129
8127
8126
8126
8125
8122
8121
8120
8120
8119
8119
8118
8115
8115
8114
8114
8114
8110
8110
8108
8106
8103
8102
8101
8100
8099
8098
8098
8098
8096
8093
8092
8091
8090
8088
8088
8087
8087
8086
8085
8085
8085
8084
8084
8084
8083
8082
8081
8078
8077
8077
8076
8075
8074
8073
8071
8070
8068
8064
8063
8063
8060
8058
8058
8056
8056
8054
8053
8052
8052
8051
8051
8049
8048
8048
8047
8046
8044
8044
8043
8043
8040
8040
8040
8040
8039
8039
8038
8038
8038
8038
8037
8034
8034
8034
8033
8033
8029
8029
8028
8026
8026
8025
8025
8025
8023
8022
8022
8021
8020
8019
8016
8016
8015
8014
8013
8013
8009
8009
8008
8006
8006
8006
8004
8003
8003
8002
8002
8000
7998
7998
7997
7996
7996
7996
7996
7994
7994
7994
7991
7988
7987
7986
7985
7982
7979
7978
7977
7975
7975
7973
7972
7972
7972
7972
7971
7970
7968
7968
7967
7966
7965
7963
7962
7962
7961
7961
7960
7959
7958
7956
7956
7956
7954
7953
7953
7952
7951
7951
7948
7948
7948
7947
7946
7946
7945
7945
7943
7941
7941
7940
7940
7940
7938
7936
7935
7932
7924
7924
7924
7923
7922
7922
7922
7920
7919
7916
7916
7915
7914
7913
7912
7912
7911
7910
7909
7908
7907
7907
7905
7905
7903
7903
7902
7902
7901
7901
7900
7898
7897
7896
7896
7894
7893
7892
7892
7891
7888
7887
7887
7886
7886
7886
7886
7886
7885
7883
7883
7882
7882
7880
7879
7878
7878
7878
7874
7874
7874
7873
7872
7872
7872
7869
7867
7865
7864
7863
7862
7861
7860
7859
7859
7858
7857
7855
7852
7852
7851
7851
7851
7847
7845
7844
7844
7844
7843
7842
7842
7841
7841
7837
7837
7836
7835
7833
7832
7831
7831
7830
7829
7828
7828
7825
7822
7822
7821
7821
7821
7818
7816
7815
7814
7814
7813
7813
7813
7810
7808
7807
7806
7803
7803
7802
7802
7799
7797
7796
7796
7796
7795
7795
7794
7793
7792
7792
7791
7790
7790
7789
7787
7787
7786
7784
7782
7782
7780
7780
7779
7779
7779
7778
7777
7777
7775
7773
7771
7770
7769
7768
7768
7768
7767
7766
7766
7763
7762
7761
7760
7758
7758
7757
7756
7754
7751
7750
7749
7744
7744
7742
7740
7740
7739
7739
7739
7738
7738
7738
7737
7736
7736
7736
7735
7734
7733
7732
7731
7729
7729
7729
7728
7727
7727
7727
7726
7725
7723
7723
7722
7722
7722
7720
7719
7718
7718
7716
7712
7712
7712
7711
7711
7711
7711
7709
7709
7708
7708
7708
7708
7707
7705
7704
7703
7703
7703
7702
7700
7699
7697
7697
7697
7696
7695
7695
7695
7694
7691
7690
7689
7689
7689
7688
7686
7685
7685
7684
7682
7682
7681
7681
7680
7680
7679
7678
7678
7677
7677
7677
7673
7672
7670
7670
7670
7668
7666
7666
7665
7665
7664
7664
7661
7660
7658
7655
7655
7654
7651
7651
7651
7650
7650
7650
7648
7648
7646
7646
7644
7643
7643
7641
7641
7641
7639
7637
7635
7633
7631
7630
7629
7627
7626
7623
7623
7623
7621
7620
7620
7620
7619
7617
7616
7612
7609
7607
7605
7604
7603
7603
7602
7601
7600
7599
7598
7597
7596
7596
7595
7595
7595
7594
7594
7594
7594
7592
7590
7588
7588
7588
7588
7586
7586
7583
7582
7581
7580
7580
7578
7576
7576
7574
7573
7571
7570
7569
7569
7569
7568
7567
7566
7566
7565
7561
7560
7559
7558
7556
7556
7554
7554
7550
7549
7549
7547
7547
7545
7545
7544
7542
7542
7542
7541
7541
7541
7540
7537
7537
7534
7534
7534
7534
7532
7531
7530
7530
7529
7529
7528
7527
7527
7526
7526
7525
7524
7524
7523
7523
7523
7523
7520
7520
7520
7519
7518
7518
7517
7516
7512
7511
7511
7510
7510
7510
7508
7508
7506
7505
7505
7505
7504
7503
7502
7501
7501
7498
7498
7498
7496
7495
7495
7494
7494
7493
7492
7492
7491
7490
7489
7489
7489
7489
7487
7487
7487
7486
7485
7482
7480
7478
7476
7476
7476
7476
7476
7476
7474
7474
7470
7470
7467
7467
7466
7466
7463
7463
7463
7462
7462
7461
7461
7460
7460
7458
7458
7458
7457
7457
7456
7456
7455
7455
7454
7453
7452
7452
7450
7448
7447
7446
7445
7445
7443
7441
7440
7440
7439
7438
7437
7436
7436
7435
7431
7431
7430
7428
7428
7428
7427
7427
7426
7426
7425
7425
7424
7423
7423
7421
7420
7419
7417
7417
7417
7414
7414
7412
7411
7411
7406
7405
7403
7403
7402
7402
7402
7400
7400
7399
7395
7395
7395
7395
7394
7394
7393
7393
7393
7392
7390
7388
7385
7384
7383
7383
7382
7381
7380
7379
7379
7379
7378
7376
7374
7373
7373
7371
7371
7369
7369
7368
7368
7368
7367
7364
7363
7361
7358
7358
7357
7356
7354
7353
7353
7353
7351
7351
7350
7349
7348
7347
7346
7344
7342
7339
7339
7338
7337
7336
7334
7334
7332
7331
7331
7330
7330
7329
7327
7327
7325
7323
7323
7321
7321
7321
7319
7318
7318
7318
7318
7317
7316
7316
7315
7314
7314
7313
7312
7311
7309
7308
7307
7307
7305
7305
7301
7300
7299
7299
7298
7298
7298
7298
7297
7296
7296
7296
7296
7295
7293
7292
7292
7292
7292
7292
7292
7289
7289
7287
7286
7285
7284
7284
7282
7282
7280
7279
7279
7278
7278
7277
7277
7274
7273
7271
7270
7269
7269
7267
7266
7264
7264
7262
7261
7260
7259
7259
7258
7258
7256
7256
7256
7256
7255
7255
7253
7253
7252
7251
7251
7250
7248
7247
7247
7245
7244
7243
7243
7239
7239
7238
7237
7229
7228
7227
7226
7225
7224
7224
7222
7221
7221
7220
7218
7216
7215
7214
7214
7214
7214
7213
7213
7213
7212
7212
7212
7212
7211
7210
7210
7208
7206
7205
7205
7203
7203
7201
7201
7201
7200
7199
7199
7199
7198
7198
7198
7198
7195
7193
7192
7190
7190
7190
7190
7187
7187
7185
7185
7185
7184
7182
7180
7180
7180
7180
7180
7179
7177
7176
7175
7174
7174
7174
7172
7171
7170
7168
7168
7168
7167
7167
7165
7164
7164
7163
7161
7161
7159
7158
7158
7156
7155
7154
7153
7153
7152
7152
7151
7149
7143
7141
7139
7138
7138
7138
7137
7136
7133
7131
7130
7127
7125
7124
7123
7121
7121
7119
7118
7118
7117
7117
7117
7116
7115
7114
7112
7111
7110
7110
7110
7109
7108
7108
7108
7107
7107
7105
7102
7102
7102
7101
7101
7100
7099
7098
7098
7096
7095
7094
7093
7092
7090
7087
7085
7085
7083
7082
7082
7082
7082
7080
7079
7079
7077
7077
7076
7074
7074
7074
7071
7071
7071
7070
7070
7069
7068
7068
7068
7068
7067
7066
7065
7064
7064
7061
7058
7058
7058
7056
7056
7055
7055
7053
7052
7052
7050
7048
7047
7042
7042
7039
7037
7036
7035
7033
7033
7033
7032
7031
7030
7030
7029
7027
7026
7026
7026
7025
7024
7024
7023
7023
7023
7021
7021
7020
7018
7018
7017
7016
7016
7015
7015
7015
7015
7013
7012
7009
7009
7008
7005
7005
7004
7004
7003
7003
7001
7000
6999
6997
6997
6997
6996
6996
6994
6993
6992
6992
6992
6988
6985
6985
6983
6982
6982
6981
6980
6979
6977
6977
6976
6974
6973
6971
6969
6968
6965
6965
6964
6964
6963
6963
6962
6960
6957
6955
6954
6952
6951
6947
6947
6946
6942
6942
6942
6941
6938
6938
6936
6935
6934
6933
6930
6929
6929
6929
6927
6927
6926
6922
6919
6918
6917
6916
6915
6915
6915
6912
6912
6909
6907
6905
6904
6903
6903
6902
6902
6902
6900
6900
6900
6899
6898
6898
6897
6897
6897
6896
6895
6894
6894
6893
6892
6892
6892
6890
6888
6888
6887
6887
6887
6886
6886
6886
6884
6884
6884
6883
6882
6882
6882
6879
6878
6878
6878
6878
6877
6877
6876
6875
6874
6874
6874
6872
6870
6869
6869
6868
6864
6863
6862
6861
6860
6860
6858
6857
6857
6855
6854
6854
6854
6854
6853
6852
6851
6850
6850
6848
6847
6843
6842
6842
6841
6840
6838
6837
6836
6836
6836
6836
6835
6835
6833
6832
6831
6831
6830
6828
6828
6827
6827
6826
6824
6823
6823
6819
6819
6819
6819
6818
6818
6812
6812
6812
6809
6808
6806
6805
6804
6802
6801
6800
6800
6799
6798
6798
6798
6797
6795
6795
6794
6789
6789
6789
6786
6784
6781
6779
6779
6777
6777
6776
6775
6772
6769
6768
6767
6767
6765
6762
6761
6759
6758
6757
6757
6757
6756
6755
6754
6754
6751
6750
6750
6741
6739
6739
6738
6738
6737
6736
6735
6735
6734
6734
6733
6733
6732
6731
6731
6730
6729
6728
6728
6728
6724
6724
6722
6722
6720
6719
6718
6717
6717
6715
6715
6715
6714
6714
6713
6712
6712
6711
6710
6710
6709
6709
6709
6708
6708
6707
6706
6706
6705
6704
6698
6698
6696
6692
6691
6690
6689
6688
6688
6686
6684
6683
6681
6680
6680
6680
6679
6678
6678
6678
6678
6677
6677
6677
6677
6674
6673
6672
6671
6670
6669
6668
6666
6665
6665
6664
6663
6662
6662
6660
6660
6656
6656
6654
6653
6652
6652
6651
6651
6649
6648
6648
6648
6644
6642
6640
6640
6637
6636
6636
6633
6632
6631
6629
6629
6629
6629
6629
6628
6626
6624
6624
6623
6623
6623
6623
6621
6621
6621
6620
6619
6619
6617
6616
6614
6614
6614
6611
6609
6608
6605
6603
6603
6601
6598
6597
6597
6595
6593
6592
6591
6591
6591
6589
6588
6587
6586
6584
6583
6583
6583
6583
6582
6581
6581
6579
6572
6571
6571
6570
6569
6568
6567
6566
6566
6565
6565
6564
6561
6561
6560
6560
6558
6555
6555
6555
6554
6552
6549
6548
6548
6547
6546
6546
6545
6545
6542
6542
6540
6540
6539
6539
6538
6536
6534
6534
6534
6534
6533
6533
6533
6531
6531
6531
6530
6529
6528
6527
6527
6526
6525
6524
6522
6520
6520
6519
6519
6519
6518
6518
6517
6517
6516
6516
6516
6515
6514
6513
6512
6511
6511
6510
6510
6505
6505
6503
6502
6502
6500
6498
6498
6497
6495
6493
6492
6491
6490
6489
6488
6485
6485
6483
6483
6482
6481
6478
6478
6477
6477
6476
6476
6473
6470
6468
6468
6468
6467
6466
6463
6463
6462
6461
6459
6459
6459
6459
6457
6457
6457
6455
6454
6454
6452
6452
6449
6449
6447
6445
6445
6444
6444
6442
6442
6442
6440
6439
6439
6438
6436
6436
6435
6435
6433
6433
6433
6432
6430
6429
6428
6426
6426
6425
6425
6424
6424
6423
6421
6421
6421
6419
6419
6418
6418
6416
6416
6415
6413
6411
6411
6411
6409
6408
6406
6406
6404
6404
6401
6401
6398
6396
6395
6394
6394
6393
6393
6392
6389
6388
6388
6387
6386
6385
6384
6384
6383
6383
6382
6382
6378
6378
6377
6377
6376
6375
6375
6374
6374
6372
6372
6372
6371
6369
6368
6368
6366
6364
6364
6359
6357
6357
6356
6356
6355
6354
6354
6352
6352
6352
6351
6351
6351
6350
6349
6347
6346
6346
6345
6345
6345
6344
6343
6342
6340
6339
6338
6338
6337
6336
6333
6327
6326
6326
6324
6324
6322
6321
6321
6321
6320
6319
6319
6315
6315
6313
6312
6312
6311
6310
6309
6309
6305
6305
6303
6302
6301
6300
6299
6296
6296
6294
6294
6294
6293
6292
6291
6291
6290
6289
6288
6287
6286
6284
6281
6279
6279
6275
6274
6273
6273
6273
6272
6271
6271
6271
6270
6269
6267
6267
6266
6265
6263
6263
6260
6258
6257
6256
6255
6254
6254
6254
6253
6252
6250
6250
6248
6248
6248
6246
6245
6245
6245
6245
6243
6242
6242
6242
6240
6240
6237
6237
6236
6235
6233
6231
6230
6229
6229
6229
6229
6228
6227
6227
6227
6226
6224
6223
6223
6223
6221
6220
6219
6219
6219
6218
6216
6216
6215
6213
6213
6209
6208
6207
6207
6206
6206
6204
6202
6201
6200
6198
6198
6197
6196
6193
6193
6191
6191
6190
6190
6190
6189
6189
6189
6188
6188
6187
6187
6186
6185
6185
6182
6182
6181
6179
6178
6178
6177
6177
6175
6173
6173
6173
6170
6169
6169
6168
6167
6166
6165
6163
6162
6162
6160
6160
6159
6159
6158
6157
6157
6156
6156
6154
6153
6153
6152
6152
6152
6148
6145
6144
6144
6141
6138
6135
6134
6134
6134
6133
6129
6128
6128
6127
6127
6126
6124
6122
6120
6120
6118
6117
6116
6115
6114
6113
6113
6112
6110
6109
6109
6108
6106
6106
6106
6105
6102
6101
6100
6099
6098
6098
6097
6095
6095
6095
6094
6093
6091
6091
6090
6087
6086
6082
6081
6081
6081
6081
6081
6077
6074
6073
6072
6071
6068
6067
6067
6066
6064
6064
6063
6062
6060
6057
6056
6053
6052
6049
6049
6049
6049
6048
6043
6042
6042
6040
6040
6038
6037
6034
6033
6032
6032
6031
6031
6031
6025
6025
6023
6022
6021
6021
6017
6016
6015
6014
6008
6002
6001
5999
5997
5997
5997
5996
5991
5991
5989
5987
5986
5984
5983
5983
5979
5979
5977
5974
5974
5973
5973
5972
5971
5971
5970
5969
5969
5968
5962
5961
5960
5958
5958
5958
5958
5957
5957
5957
5955
5955
5954
5954
5954
5954
5954
5952
5952
5952
5952
5951
5950
5949
5948
5946
5946
5946
5943
5941
5941
5940
5939
5938
5937
5937
5936
5936
5935
5933
5933
5933
5930
5929
5928
5927
5927
5925
5924
5924
5924
5924
5923
5923
5921
5921
5921
5920
5920
5920
5919
5915
5914
5914
5914
5912
5912
5911
5911
5911
5909
5908
5907
5907
5904
5904
5904
5904
5901
5900
5896
5896
5896
5896
5894
5892
5892
5891
5889
5888
5886
5885
5884
5883
5881
5881
5881
5880
5876
5874
5873
5873
5872
5870
5869
5869
5869
5865
5865
5863
5861
5861
5860
5860
5860
5858
5855
5854
5850
5850
5849
5847
5847
5844
5843
5841
5841
5839
5839
5839
5839
5838
5837
5834
5834
5833
5833
5832
5831
5830
5828
5827
5826
5825
5824
5822
5819
5817
5816
5816
5815
5814
5813
5813
5813
5812
5811
5811
5810
5808
5807
5807
5806
5806
5806
5805
5802
5802
5799
5799
5798
5798
5797
5797
5797
5797
5797
5797
5797
5796
5791
5790
5790
5789
5787
5787
5787
5786
5786
5786
5786
5786
5785
5785
5784
5784
5783
5781
5781
5781
5780
5776
5773
5773
5772
5768
5767
5767
5767
5766
5766
5764
5764
5764
5763
5761
5759
5758
5758
5757
5756
5755
5754
5754
5754
5754
5752
5751
5751
5748
5747
5746
5743
5743
5741
5741
5741
5740
5734
5734
5734
5733
5733
5732
5730
5730
5729
5728
5727
5727
5726
5725
5725
5725
5720
5719
5717
5715
5715
5714
5713
5713
5711
5711
5710
5710
5710
5709
5707
5702
5700
5699
5696
5696
5696
5692
5692
5692
5691
5690
5689
5686
5685
5684
5682
5682
5682
5682
5680
5679
5678
5676
5674
5672
5668
5666
5666
5665
5660
5659
5657
5653
5653
5652
5652
5646
5645
5643
5642
5641
5639
5638
5636
5635
5633
5632
5631
5630
5630
5630
5630
5629
5627
5625
5625
5624
5623
5622
5622
5622
5619
5619
5618
5618
5617
5617
5615
5615
5614
5613
5611
5609
5606
5600
5600
5600
5600
5598
5598
5597
5597
5597
5595
5593
5592
5591
5589
5589
5586
5586
5585
5584
5584
5582
5580
5580
5578
5576
5574
5572
5571
5570
5570
5570
5569
5568
5567
5566
5565
5565
5563
5562
5562
5561
5561
5561
5561
5560
5559
5559
5556
5555
5554
5553
5553
5553
5553
5552
5552
5551
5550
5549
5548
5546
5546
5544
5542
5541
5540
5540
5539
5538
5536
5534
5532
5529
5529
5529
5528
5528
5525
5525
5524
5523
5523
5522
5521
5521
5516
5515
5514
5514
5513
5513
5512
5510
5509
5508
5505
5504
5503
5501
5499
5498
5497
5497
5495
5494
5494
5492
5491
5491
5491
5490
5488
5485
5485
5483
5482
5480
5480
5479
5479
5474
5473
5473
5472
5472
5471
5471
5471
5470
5467
5466
5465
5462
5460
5458
5458
5457
5455
5454
5452
5451
5451
5451
5449
5448
5445
5445
5444
5444
5442
5441
5441
5440
5439
5439
5435
5434
5432
5431
5429
5429
5428
5428
5426
5424
5424
5423
5422
5421
5421
5420
5420
5419
5419
5418
5417
5415
5411
5411
5410
5409
5409
5409
5407
5404
5404
5403
5403
5402
5402
5401
5401
5399
5398
5397
5396
5396
5395
5394
5390
5389
5389
5387
5387
5385
5385
5385
5384
5382
5381
5379
5379
5378
5377
5375
5374
5372
5372
5371
5371
5370
5370
5369
5367
5366
5365
5365
5365
5364
5363
5362
5361
5361
5361
5360
5359
5357
5357
5356
5356
5355
5354
5354
5353
5353
5352
5352
5352
5350
5350
5349
5347
5347
5347
5347
5346
5345
5345
5345
5344
5343
5341
5340
5340
5339
5337
5336
5336
5336
5335
5335
5334
5331
5329
5328
5327
5325
5324
5324
5323
5323
5323
5323
5322
5321
5320
5319
5318
5318
5316
5314
5313
5313
5313
5313
5313
5312
5311
5310
5309
5309
5309
5309
5308
5306
5305
5304
5301
5299
5297
5296
5295
5294
5293
5291
5289
5288
5287
5285
5283
5283
5283
5282
5281
5280
5280
5279
5279
5278
5278
5275
5273
5273
5272
5269
5267
5262
5261
5259
5259
5259
5257
5256
5256
5256
5255
5255
5254
5254
5254
5254
5253
5247
5245
5244
5243
5240
5240
5238
5236
5235
5234
5233
5232
5231
5230
5229
5226
5225
5225
5225
5224
5224
5224
5223
5223
5219
5218
5216
5216
5212
5210
5207
5207
5206
5205
5204
5204
5201
5200
5199
5198
5197
5197
5193
5190
5187
5187
5186
5186
5186
5185
5185
5184
5183
5183
5182
5181
5180
5180
5179
5179
5178
5177
5176
5176
5175
5174
5173
5169
5168
5167
5167
5166
5165
5163
5161
5159
5159
5157
5153
5153
5153
5148
5146
5146
5145
5144
5144
5144
5139
5137
5134
5134
5134
5133
5133
5132
5131
5130
5129
5129
5129
5127
5123
5123
5121
5119
5118
5118
5114
5113
5113
5113
5111
5111
5111
5106
5106
5106
5103
5103
5100
5100
5099
5098
5098
5098
5098
5096
5096
5095
5094
5093
5092
5091
5091
5090
5089
5086
5084
5083
5080
5079
5078
5077
5074
5074
5073
5071
5070
5070
5067
5066
5066
5065
5065
5064
5064
5063
5059
5059
5058
5057
5054
5053
5053
5052
5051
5050
5050
5049
5046
5044
5043
5043
5042
5041
5041
5036
5035
5035
5030
5028
5027
5023
5023
5021
5021
5021
5020
5020
5020
5018
5018
5017
5017
5015
5014
5014
5013
5013
5012
5011
5010
5008
5008
5007
5004
5004
5003
5003
5001
5000
4999
4998
4997
4997
4996
4996
4996
4995
4995
4995
4995
4995
4993
4993
4992
4990
4989
4989
4987
4985
4984
4984
4983
4983
4980
4978
4977
4974
4973
4973
4973
4973
4972
4969
4968
4967
4965
4965
4965
4965
4963
4960
4960
4959
4958
4957
4957
4957
4957
4956
4956
4956
4954
4954
4953
4952
4951
4951
4948
4944
4943
4943
4942
4941
4937
4937
4935
4933
4931
4930
4928
4925
4924
4924
4920
4918
4917
4917
4917
4915
4914
4914
4913
4912
4912
4911
4909
4909
4909
4909
4907
4907
4906
4906
4905
4904
4903
4903
4902
4902
4900
4900
4896
4895
4895
4894
4893
4892
4892
4892
4892
4890
4890
4890
4889
4888
4888
4887
4887
4885
4884
4884
4883
4882
4880
4878
4878
4877
4875
4874
4874
4874
4873
4872
4871
4868
4867
4866
4864
4863
4862
4862
4862
4857
4856
4855
4854
4854
4853
4850
4847
4846
4843
4842
4841
4839
4839
4838
4837
4836
4835
4834
4834
4833
4833
4832
4831
4830
4829
4828
4825
4824
4824
4824
4823
4823
4823
4821
4821
4820
4819
4817
4817
4816
4815
4813
4813
4813
4813
4812
4811
4810
4809
4808
4806
4806
4806
4806
4806
4802
4802
4801
4800
4799
4798
4796
4794
4794
4794
4793
4793
4793
4792
4791
4791
4790
4790
4789
4789
4789
4788
4787
4787
4787
4786
4785
4782
4780
4778
4777
4776
4776
4775
4775
4774
4773
4773
4769
4766
4765
4763
4763
4761
4761
4760
4760
4760
4759
4759
4756
4755
4753
4752
4751
4749
4747
4746
4745
4742
4740
4738
4738
4738
4735
4735
4733
4733
4731
4731
4728
4728
4728
4728
4726
4726
4723
4722
4721
4721
4720
4720
4719
4719
4718
4718
4715
4714
4712
4710
4709
4709
4707
4706
4706
4703
4701
4701
4700
4699
4698
4697
4696
4696
4695
4694
4693
4692
4691
4690
4690
4690
4689
4688
4687
4687
4686
4686
4684
4683
4683
4682
4680
4679
4678
4677
4677
4676
4676
4676
4675
4674
4674
4674
4672
4671
4671
4668
4668
4667
4666
4665
4665
4664
4662
4662
4659
4657
4657
4657
4655
4654
4653
4650
4648
4646
4646
4646
4645
4645
4645
4644
4643
4643
4642
4640
4637
4636
4635
4635
4635
4632
4631
4631
4630
4629
4628
4628
4627
4627
4627
4626
4625
4624
4624
4623
4622
4621
4621
4619
4616
4616
4615
4611
4611
4611
4608
4608
4606
4605
4604
4604
4604
4603
4602
4601
4601
4600
4597
4595
4595
4594
4591
4589
4589
4588
4588
4588
4587
4586
4586
4583
4580
4580
4579
4578
4578
4577
4577
4576
4575
4575
4574
4572
4570
4570
4568
4567
4565
4563
4563
4563
4562
4562
4561
4561
4560
4558
4557
4557
4553
4552
4551
4549
4548
4547
4546
4544
4541
4541
4540
4540
4540
4539
4537
4537
4536
4536
4536
4534
4533
4530
4527
4525
4523
4520
4518
4518
4515
4515
4513
4513
4513
4512
4512
4512
4510
4510
4508
4502
4501
4501
4499
4499
4496
4495
4494
4494
4493
4492
4492
4490
4489
4488
4487
4485
4485
4485
4484
4482
4482
4481
4481
4478
4478
4475
4475
4475
4474
4471
4471
4471
4471
4470
4469
4468
4466
4466
4465
4465
4465
4463
4463
4463
4461
4461
4460
4459
4459
4458
4456
4454
4452
4452
4451
4450
4450
4450
4448
4446
4446
4445
4444
4444
4442
4441
4441
4440
4439
4438
4438
4438
4438
4438
4437
4437
4437
4437
4437
4436
4435
4434
4434
4433
4432
4432
4432
4431
4431
4431
4431
4428
4422
4422
4422
4422
4419
4419
4419
4419
4417
4416
4414
4413
4413
4410
4409
4408
4406
4405
4404
4404
4404
4404
4403
4403
4403
4402
4400
4399
4399
4399
4397
4397
4393
4392
4392
4391
4390
4389
4387
4386
4385
4384
4384
4383
4380
4379
4378
4377
4377
4376
4375
4375
4375
4374
4374
4372
4372
4369
4369
4368
4367
4367
4366
4366
4364
4363
4363
4362
4362
4362
4362
4361
4361
4360
4360
4360
4359
4359
4358
4356
4353
4353
4351
4347
4347
4347
4345
4343
4341
4341
4339
4339
4339
4339
4337
4336
4336
4336
4334
4332
4332
4332
4331
4331
4330
4330
4330
4330
4329
4327
4327
4327
4326
4326
4326
4326
4325
4324
4324
4323
4321
4321
4320
4318
4318
4316
4316
4312
4311
4311
4309
4308
4306
4305
4305
4303
4303
4301
4301
4299
4296
4295
4293
4292
4291
4291
4289
4289
4288
4287
4286
4285
4285
4285
4285
4283
4282
4282
4281
4280
4279
4278
4276
4275
4275
4272
4266
4265
4265
4263
4263
4259
4259
4259
4259
4258
4255
4253
4252
4251
4251
4248
4247
4246
4246
4245
4243
4241
4239
4239
4236
4235
4233
4232
4231
4229
4229
4227
4227
4227
4227
4226
4226
4225
4225
4224
4224
4223
4221
4218
4218
4216
4215
4214
4214
4211
4211
4210
4209
4208
4208
4206
4205
4204
4204
4204
4200
4198
4197
4197
4196
4195
4194
4194
4194
4192
4191
4189
4188
4188
4187
4187
4187
4187
4187
4185
4183
4182
4182
4182
4180
4180
4179
4178
4174
4172
4170
4170
4169
4169
4168
4168
4167
4167
4167
4166
4165
4162
4161
4161
4160
4159
4158
4156
4156
4156
4155
4155
4155
4152
4152
4150
4150
4148
4147
4146
4145
4145
4144
4144
4143
4143
4142
4137
4137
4135
4135
4135
4134
4133
4132
4130
4129
4127
4123
4123
4123
4121
4117
4117
4117
4116
4116
4115
4113
4113
4109
4106
4105
4104
4104
4103
4102
4099
4097
4097
4095
4094
4092
4092
4087
4084
4083
4083
4082
4082
4080
4078
4077
4077
4076
4076
4072
4071
4071
4069
4066
4066
4066
4064
4064
4064
4063
4059
4059
4058
4056
4054
4054
4050
4050
4049
4048
4047
4047
4044
4044
4043
4042
4042
4039
4038
4033
4033
4032
4032
4032
4032
4032
4031
4029
4027
4026
4025
4023
4022
4021
4018
4016
4014
4013
4011
4010
4010
4008
4008
4008
4005
4004
4003
4003
4003
4000
3999
3998
3998
3995
3995
3993
3992
3992
3991
3989
3989
3988
3987
3987
3987
3985
3985
3985
3984
3983
3983
3983
3982
3981
3981
3980
3979
3979
3976
3973
3972
3971
3970
3969
3969
3969
3968
3967
3967
3967
3965
3965
3965
3965
3965
3964
3958
3957
3956
3956
3956
3954
3954
3952
3951
3950
3950
3950
3947
3946
3946
3946
3944
3942
3941
3940
3939
3939
3938
3938
3936
3935
3935
3935
3934
3932
3932
3931
3929
3929
3928
3928
3928
3926
3926
3926
3926
3923
3922
3922
3918
3917
3917
3916
3916
3916
3915
3913
3911
3911
3911
3910
3909
3909
3907
3906
3905
3905
3905
3904
3903
3900
3897
3897
3896
3895
3895
3894
3894
3894
3891
3890
3890
3889
3888
3886
3885
3884
3883
3883
3882
3881
3880
3880
3878
3877
3876
3875
3875
3875
3872
3870
3868
3867
3865
3865
3865
3863
3861
3860
3857
3857
3856
3852
3852
3851
3851
3850
3849
3849
3845
3845
3845
3844
3844
3844
3843
3842
3842
3841
3841
3840
3838
3837
3836
3836
3836
3833
3833
3832
3832
3832
3829
3827
3827
3827
3826
3824
3824
3823
3822
3822
3821
3819
3817
3817
3817
3816
3813
3813
3813
3813
3810
3809
3809
3806
3804
3803
3801
3800
3799
3796
3796
3795
3795
3794
3794
3793
3791
3791
3791
3789
3789
3787
3786
3785
3785
3784
3782
3781
3780
3780
3779
3779
3779
3778
3778
3777
3775
3774
3773
3772
3772
3767
3765
3765
3765
3760
3760
3760
3758
3751
3746
3745
3743
3742
3741
3741
3739
3739
3738
3737
3737
3737
3735
3734
3733
3733
3732
3731
3731
3731
3730
3729
3726
3725
3723
3722
3722
3722
3721
3721
3719
3718
3718
3718
3714
3714
3714
3713
3711
3710
3710
3709
3707
3703
3703
3702
3702
3701
3701
3700
3700
3698
3698
3697
3697
3696
3693
3693
3693
3689
3688
3687
3685
3685
3684
3682
3681
3681
3681
3680
3679
3677
3677
3676
3675
3674
3674
3673
3671
3666
3664
3664
3663
3663
3661
3660
3657
3655
3655
3654
3652
3652
3652
3650
3649
3649
3648
3646
3645
3644
3643
3642
3641
3641
3641
3637
3635
3635
3634
3634
3633
3633
3632
3632
3632
3628
3628
3627
3627
3624
3623
3620
3619
3619
3618
3618
3614
3614
3614
3613
3611
3611
3611
3610
3610
3610
3610
3610
3609
3607
3606
3606
3605
3605
3604
3594
3594
3593
3591
3591
3589
3589
3588
3587
3586
3583
3582
3581
3581
3578
3576
3576
3576
3575
3575
3575
3574
3574
3572
3572
3571
3570
3570
3570
3567
3565
3565
3563
3562
3562
3561
3560
3559
3557
3556
3556
3555
3555
3554
3553
3552
3549
3549
3549
3548
3548
3545
3544
3543
3542
3539
3537
3536
3536
3534
3534
3534
3533
3530
3528
3528
3525
3525
3525
3524
3523
3522
3521
3519
3519
3518
3518
3517
3514
3514
3513
3512
3511
3511
3509
3508
3508
3508
3507
3504
3504
3501
3501
3501
3501
3500
3500
3499
3498
3498
3494
3493
3491
3490
3489
3488
3488
3487
3487
3486
3485
3484
3482
3482
3481
3481
3480
3480
3478
3478
3478
3478
3476
3476
3476
3476
3475
3470
3470
3468
3468
3467
3465
3465
3463
3461
3460
3459
3458
3458
3457
3455
3455
3454
3454
3453
3453
3453
3453
3452
3452
3451
3451
3450
3449
3449
3448
3447
3447
3447
3446
3445
3445
3445
3442
3441
3441
3440
3439
3439
3436
3436
3436
3436
3435
3434
3433
3432
3432
3429
3427
3427
3425
3424
3423
3421
3420
3419
3418
3417
3417
3417
3416
3414
3414
3414
3413
3413
3413
3412
3410
3409
3409
3408
3408
3405
3404
3403
3401
3401
3399
3398
3394
3394
3394
3393
3391
3391
3391
3388
3388
3387
3387
3385
3385
3385
3384
3382
3381
3380
3378
3378
3375
3372
3370
3370
3370
3368
3367
3367
3366
3366
3362
3361
3359
3359
3359
3358
3357
3354
3354
3354
3353
3353
3353
3352
3352
3351
3350
3349
3348
3348
3348
3348
3347
3347
3346
3346
3346
3345
3345
3343
3342
3339
3337
3336
3334
3334
3333
3332
3330
3329
3327
3327
3327
3326
3325
3324
3323
3321
3320
3320
3319
3319
3318
3317
3317
3317
3317
3317
3316
3315
3313
3313
3311
3310
3310
3309
3307
3303
3301
3301
3297
3293
3293
3293
3293
3293
3293
3292
3292
3290
3286
3285
3285
3285
3284
3281
3276
3275
3275
3274
3273
3273
3273
3270
3268
3267
3266
3263
3263
3263
3262
3261
3261
3257
3254
3254
3252
3250
3248
3246
3246
3244
3243
3243
3242
3241
3240
3238
3237
3236
3235
3233
3232
3230
3227
3226
3226
3226
3225
3224
3223
3222
3222
3222
3221
3220
3220
3218
3216
3215
3214
3213
3212
3210
3209
3209
3209
3208
3206
3205
3204
3203
3200
3200
3199
3199
3196
3196
3196
3196
3194
3193
3192
3191
3191
3190
3188
3187
3186
3186
3186
3186
3184
3182
3181
3179
3177
3176
3175
3173
3171
3171
3170
3170
3170
3168
3168
3166
3166
3165
3165
3164
3164
3160
3160
3158
3158
3157
3156
3156
3156
3155
3150
3148
3146
3146
3145
3142
3142
3141
3140
3139
3134
3134
3134
3133
3133
3131
3131
3126
3126
3120
3117
3116
3116
3113
3113
3111
3111
3110
3110
3109
3108
3107
3107
3106
3106
3106
3105
3104
3103
3102
3101
3100
3100
3100
3099
3098
3098
3098
3098
3096
3095
3094
3094
3094
3093
3090
3088
3088
3086
3085
3085
3085
3084
3083
3082
3081
3079
3079
3078
3077
3076
3075
3075
3074
3074
3072
3070
3069
3067
3066
3066
3066
3066
3064
3064
3063
3063
3062
3062
3062
3061
3060
3060
3057
3056
3055
3054
3054
3053
3051
3050
3050
3049
3048
3047
3047
3043
3043
3043
3042
3042
3041
3039
3039
3038
3038
3035
3035
3034
3034
3032
3031
3031
3031
3030
3030
3029
3029
3028
3027
3027
3027
3026
3025
3025
3025
3025
3024
3023
3022
3022
3021
3018
3017
3016
3015
3012
3011
3010
3010
3008
3007
3006
3006
3006
3005
3004
3002
3001
3000
3000
2999
2999
2999
2996
2995
2992
2991
2991
2990
2987
2985
2985
2985
2984
2984
2984
2983
2982
2978
2976
2973
2973
2970
2970
2967
2965
2963
2962
2961
2960
2959
2958
2958
2958
2956
2955
2953
2951
2951
2949
2948
2945
2941
2940
2939
2935
2934
2931
2931
2931
2929
2929
2927
2926
2926
2926
2926
2926
2925
2925
2923
2921
2921
2919
2919
2916
2916
2916
2915
2915
2913
2913
2911
2911
2910
2910
2909
2909
2909
2907
2907
2906
2906
2906
2906
2903
2902
2902
2901
2899
2898
2897
2897
2897
2896
2896
2895
2894
2894
2894
2894
2892
2892
2891
2890
2890
2889
2888
2888
2886
2885
2883
2882
2882
2881
2881
2880
2879
2879
2876
2876
2873
2871
2870
2870
2870
2869
2868
2865
2865
2863
2863
2863
2862
2858
2856
2855
2855
2854
2854
2853
2852
2850
2848
2848
2848
2848
2847
2842
2842
2839
2839
2838
2838
2836
2835
2835
2835
2835
2828
2827
2826
2826
2826
2825
2824
2824
2816
2813
2811
2811
2810
2810
2810
2808
2808
2807
2806
2806
2804
2803
2800
2799
2799
2798
2798
2795
2795
2794
2791
2791
2790
2790
2790
2787
2785
2785
2783
2782
2782
2781
2781
2779
2777
2777
2777
2777
2775
2772
2768
2768
2768
2768
2767
2766
2766
2766
2763
2762
2762
2761
2758
2758
2758
2757
2757
2756
2755
2752
2752
2749
2747
2746
2744
2744
2743
2742
2741
2739
2739
2737
2737
2736
2734
2732
2728
2727
2727
2726
2726
2725
2725
2725
2724
2723
2722
2722
2720
2718
2717
2713
2710
2710
2708
2707
2707
2706
2706
2705
2704
2702
2700
2699
2699
2698
2695
2695
2695
2693
2691
2689
2686
2686
2685
2684
2684
2683
2682
2682
2680
2679
2678
2676
2674
2671
2671
2669
2669
2668
2666
2665
2664
2664
2663
2662
2662
2660
2657
2657
2657
2656
2655
2655
2655
2655
2653
2652
2651
2651
2650
2648
2646
2643
2643
2643
2641
2638
2637
2637
2637
2636
2635
2635
2632
2632
2631
2630
2629
2629
2627
2626
2624
2623
2621
2621
2620
2616
2615
2614
2613
2612
2610
2609
2609
2609
2608
2607
2607
2606
2603
2603
2602
2600
2600
2600
2600
2598
2598
2595
2594
2594
2592
2591
2590
2587
2586
2586
2586
2585
2584
2583
2581
2580
2576
2575
2575
2574
2572
2571
2570
2570
2569
2567
2567
2567
2566
2566
2564
2562
2561
2561
2559
2555
2555
2555
2555
2554
2554
2553
2552
2551
2548
2548
2548
2548
2546
2546
2545
2544
2542
2541
2540
2536
2536
2534
2533
2532
2531
2529
2529
2527
2526
2526
2525
2524
2524
2522
2522
2520
2520
2519
2519
2518
2517
2517
2517
2516
2515
2514
2514
2513
2510
2510
2509
2508
2505
2504
2503
2502
2500
2499
2499
2496
2495
2493
2492
2492
2490
2486
2486
2486
2485
2484
2482
2482
2482
2481
2480
2478
2478
2476
2476
2476
2475
2475
2474
2472
2472
2471
2471
2471
2470
2470
2469
2467
2462
2461
2460
2458
2456
2455
2454
2453
2452
2452
2452
2451
2450
2450
2448
2447
2446
2446
2445
2444
2444
2443
2443
2442
2441
2440
2439
2439
2438
2437
2437
2437
2436
2434
2434
2434
2433
2433
2433
2432
2431
2428
2426
2425
2424
2424
2423
2423
2421
2420
2418
2418
2417
2416
2416
2415
2415
2412
2411
2410
2409
2408
2408
2406
2405
2404
2402
2401
2400
2399
2399
2399
2396
2395
2394
2393
2393
2393
2392
2390
2387
2385
2385
2384
2384
2384
2383
2381
2380
2378
2377
2376
2376
2375
2375
2375
2374
2373
2370
2370
2370
2366
2365
2365
2364
2363
2362
2362
2361
2361
2361
2361
2360
2359
2357
2356
2356
2353
2352
2351
2351
2350
2349
2348
2348
2347
2345
2345
2344
2343
2340
2339
2339
2338
2338
2337
2337
2335
2333
2331
2330
2330
2329
2326
2326
2325
2325
2323
2322
2322
2320
2320
2318
2316
2316
2314
2313
2312
2310
2308
2308
2307
2307
2303
2303
2302
2301
2301
2300
2300
2299
2299
2299
2299
2299
2299
2298
2295
2295
2294
2292
2292
2291
2286
2286
2285
2284
2282
2282
2281
2281
2280
2277
2275
2275
2275
2275
2275
2274
2274
2272
2270
2269
2269
2268
2268
2267
2267
2267
2266
2264
2260
2258
2256
2255
2254
2252
2252
2250
2250
2247
2246
2246
2246
2245
2244
2244
2243
2242
2242
2242
2240
2238
2237
2237
2236
2236
2234
2234
2232
2231
2230
2227
2226
2225
2224
2222
2222
2221
2220
2220
2220
2219
2219
2217
2216
2216
2216
2215
2214
2213
2213
2212
2212
2212
2211
2209
2209
2208
2208
2207
2204
2203
2202
2201
2199
2199
2197
2197
2195
2194
2194
2193
2191
2190
2188
2188
2187
2186
2186
2185
2185
2184
2184
2184
2180
2180
2178
2176
2175
2172
2171
2171
2171
2169
2168
2168
2164
2163
2162
2161
2160
2160
2159
2158
2157
2157
2157
2156
2155
2150
2149
2148
2147
2146
2146
2146
2145
2145
2145
2143
2141
2141
2140
2140
2139
2138
2138
2137
2137
2135
2135
2135
2135
2134
2133
2132
2131
2130
2128
2128
2126
2126
2125
2125
2125
2121
2121
2119
2118
2118
2117
2117
2114
2113
2113
2109
2107
2107
2107
2107
2105
2105
2104
2103
2101
2101
2101
2099
2098
2098
2098
2097
2097
2096
2095
2094
2094
2091
2091
2091
2090
2090
2090
2089
2087
2086
2086
2084
2083
2081
2080
2079
2078
2077
2076
2075
2074
2073
2073
2073
2072
2071
2070
2069
2068
2068
2067
2064
2063
2063
2062
2061
2059
2058
2056
2055
2054
2054
2054
2053
2052
2050
2049
2045
2045
2043
2043
2043
2040
2040
2039
2038
2038
2033
2032
2032
2029
2028
2025
2025
2024
2024
2023
2022
2019
2019
2018
2018
2016
2015
2014
2013
2012
2012
2011
2010
2008
2007
2006
2004
2003
1999
1998
1997
1996
1996
1996
1995
1995
1995
1994
1991
1990
1990
1990
1989
1989
1988
1987
1985
1983
1983
1981
1981
1980
1979
1977
1976
1976
1975
1974
1972
1969
1968
1968
1968
1963
1963
1961
1961
1958
1957
1956
1956
1956
1955
1954
1952
1951
1950
1950
1949
1947
1945
1945
1942
1941
1941
1937
1937
1936
1935
1935
1934
1933
1933
1932
1932
1929
1929
1928
1927
1924
1923
1921
1921
1918
1918
1918
1916
1916
1915
1915
1914
1913
1912
1910
1907
1906
1905
1904
1903
1902
1902
1901
1901
1901
1901
1899
1898
1896
1895
1895
1894
1891
1890
1889
1889
1888
1887
1885
1884
1884
1882
1882
1882
1881
1881
1879
1877
1877
1876
1875
1875
1874
1873
1873
1873
1873
1873
1873
1873
1873
1873
1869
1868
1866
1866
1866
1865
1865
1864
1863
1862
1858
1858
1857
1856
1856
1856
1855
1855
1853
1852
1852
1851
1850
1849
1848
1847
1845
1845
1845
1845
1841
1841
1836
1834
1834
1833
1833
1832
1830
1829
1829
1829
1826
1823
1822
1822
1822
1822
1820
1817
1814
1813
1812
1810
1809
1808
1808
1807
1805
1804
1804
1803
1803
1803
1803
1798
1798
1798
1797
1796
1796
1796
1796
1792
1784
1784
1781
1780
1780
1776
1776
1775
1775
1774
1774
1767
1766
1764
1764
1764
1762
1761
1757
1755
1753
1751
1748
1748
1748
1746
1745
1745
1745
1743
1741
1741
1741
1739
1738
1738
1738
1737
1736
1734
1733
1730
1729
1729
1727
1727
1726
1726
1725
1723
1720
1719
1719
1719
1718
1717
1717
1717
1714
1712
1711
1709
1707
1706
1705
1702
1701
1698
1698
1697
1695
1694
1693
1693
1692
1692
1691
1691
1690
1685
1684
1683
1680
1678
1675
1675
1675
1675
1673
1673
1672
1672
1671
1671
1671
1669
1667
1665
1665
1665
1663
1663
1660
1659
1658
1657
1657
1656
1656
1656
1655
1655
1655
1653
1653
1653
1650
1650
1649
1647
1646
1646
1644
1644
1643
1643
1643
1640
1639
1636
1636
1635
1635
1635
1634
1632
1629
1628
1628
1628
1626
1625
1623
1623
1622
1622
1622
1621
1620
1617
1616
1614
1614
1613
1612
1612
1610
1609
1606
1605
1605
1605
1604
1604
1603
1602
1601
1601
1599
1599
1599
1598
1597
1597
1597
1597
1595
1592
1591
1590
1590
1588
1586
1585
1585
1583
1583
1583
1582
1582
1580
1579
1574
1574
1573
1572
1571
1568
1567
1565
1563
1563
1562
1562
1562
1561
1560
1558
1558
1556
1554
1554
1553
1552
1551
1551
1551
1550
1549
1549
1549
1548
1547
1546
1546
1545
1544
1544
1542
1542
1539
1537
1536
1535
1535
1534
1534
1532
1532
1532
1531
1530
1527
1526
1526
1524
1522
1521
1520
1517
1516
1516
1516
1515
1514
1514
1513
1513
1513
1513
1513
1512
1512
1512
1511
1511
1510
1510
1506
1506
1505
1505
1505
1505
1504
1504
1502
1502
1502
1501
1500
1498
1497
1497
1494
1494
1494
1491
1491
1489
1489
1489
1487
1485
1485
1485
1485
1484
1484
1484
1480
1478
1478
1478
1478
1477
1476
1475
1474
1472
1472
1468
1466
1464
1464
1463
1461
1461
1461
1460
1459
1456
1455
1453
1448
1447
1447
1445
1444
1443
1443
1442
1442
1441
1439
1439
1438
1438
1437
1435
1435
1435
1434
1433
1432
1431
1429
1427
1426
1425
1425
1424
1423
1421
1420
1420
1418
1418
1417
1416
1415
1414
1414
1413
1413
1412
1411
1410
1407
1407
1406
1405
1404
1404
1403
1402
1400
1400
1399
1399
1398
1396
1396
1396
1396
1395
1394
1392
1392
1390
1389
1389
1389
1388
1387
1385
1385
1385
1385
1384
1383
1383
1381
1380
1380
1379
1379
1378
1376
1376
1375
1373
1373
1372
1372
1370
1369
1368
1367
1367
1367
1366
1365
1364
1359
1356
1356
1355
1355
1354
1354
1354
1354
1354
1354
1353
1352
1349
1348
1348
1348
1346
1346
1346
1343
1343
1342
1340
1337
1335
1335
1332
1332
1330
1330
1329
1329
1329
1329
1327
1327
1327
1325
1325
1324
1324
1323
1323
1323
1322
1322
1321
1321
1320
1319
1317
1317
1314
1314
1311
1310
1309
1309
1308
1308
1308
1307
1307
1307
1305
1305
1305
1304
1304
1302
1301
1300
1300
1298
1297
1297
1296
1296
1294
1294
1291
1288
1287
1287
1286
1285
1282
1282
1281
1281
1281
1280
1280
1280
1280
1280
1279
1279
1277
1276
1275
1274
1273
1273
1272
1271
1271
1271
1269
1266
1265
1264
1264
1263
1262
1262
1262
1260
1260
1260
1259
1259
1258
1257
1255
1254
1254
1253
1253
1252
1251
1250
1250
1249
1247
1246
1246
1245
1242
1240
1239
1239
1238
1237
1236
1234
1234
1233
1233
1232
1232
1231
1231
1230
1228
1223
1222
1220
1219
1218
1217
1216
1216
1216
1214
1213
1213
1212
1211
1211
1211
1210
1209
1208
1207
1204
1203
1203
1200
1199
1197
1197
1196
1195
1195
1194
1194
1193
1193
1192
1192
1191
1189
1189
1187
1186
1186
1185
1183
1180
1180
1180
1179
1174
1171
1170
1170
1169
1168
1167
1164
1163
1162
1159
1158
1156
1153
1152
1151
1151
1151
1150
1148
1148
1147
1147
1146
1145
1144
1144
1142
1142
1141
1138
1137
1137
1134
1134
1132
1130
1127
1127
1126
1125
1125
1125
1124
1124
1122
1121
1121
1121
1120
1119
1119
1119
1118
1118
1117
1116
1115
1115
1114
1113
1113
1113
1113
1113
1112
1112
1112
1110
1109
1108
1107
1100
1099
1099
1098
1097
1096
1096
1096
1093
1092
1092
1091
1089
1088
1088
1088
1088
1087
1087
1087
1087
1086
1086
1086
1084
1082
1081
1080
1079
1078
1078
1077
1074
1074
1072
1072
1071
1069
1066
1066
1065
1065
1065
1065
1064
1063
1063
1062
1062
1060
1060
1059
1056
1056
1055
1055
1054
1052
1052
1051
1048
1048
1047
1046
1045
1045
1045
1044
1043
1043
1043
1043
1043
1042
1038
1038
1038
1034
1034
1030
1030
1029
1028
1028
1027
1027
1027
1027
1026
1025
1025
1024
1022
1021
1021
1020
1019
1018
1018
1018
1018
1018
1017
1015
1015
1014
1012
1011
1010
1009
1005
1003
1002
1002
1000
1000
1000
999
998
997
996
995
995
994
989
989
989
988
988
987
985
985
984
983
983
983
983
982
982
982
981
981
981
981
979
979
978
978
976
976
976
975
975
974
973
971
971
970
970
970
969
969
969
969
969
969
969
968
968
965
962
961
959
958
957
956
952
951
951
950
949
948
948
947
946
945
944
943
943
942
942
940
940
940
937
935
933
933
932
932
931
931
930
929
929
928
927
927
926
926
925
925
923
922
921
921
915
914
912
911
908
907
907
906
906
905
903
903
903
901
900
900
899
898
898
897
897
894
892
890
890
889
886
885
885
884
882
882
881
881
880
879
877
875
874
874
874
873
872
871
871
871
870
870
870
869
869
869
868
867
867
867
866
866
865
864
864
863
860
860
857
856
856
856
855
853
853
853
852
851
850
850
845
843
842
842
841
841
840
838
838
837
835
834
834
832
831
831
830
828
827
827
826
824
824
824
822
822
822
822
820
819
819
816
816
815
814
814
813
812
812
811
810
810
806
805
804
804
804
803
801
801
801
799
799
798
798
798
796
794
794
793
792
790
790
790
790
785
783
782
782
781
776
774
774
774
772
772
770
769
769
767
767
767
766
765
765
763
763
762
762
762
761
761
761
760
760
760
760
758
757
757
756
755
755
753
752
750
747
746
742
741
741
740
739
738
738
733
732
732
731
731
730
730
729
728
728
727
725
725
723
723
722
722
722
721
719
718
718
717
716
716
716
714
714
713
712
710
709
708
708
708
707
704
704
704
703
703
702
700
700
699
699
698
696
695
695
695
694
694
693
693
691
691
687
686
684
681
680
680
678
676
676
675
675
674
673
673
672
671
670
668
667
667
667
665
665
665
664
663
660
659
658
657
657
652
651
650
649
648
646
646
645
644
641
640
639
637
637
636
635
634
634
633
633
632
632
632
628
624
624
624
623
622
622
621
621
621
620
619
619
617
617
616
615
610
610
609
606
605
602
601
600
599
598
595
594
588
588
587
586
586
586
586
586
586
585
585
578
577
576
576
573
571
570
568
568
567
566
566
565
564
561
561
558
558
555
555
554
553
553
553
551
549
549
545
543
543
543
542
542
542
541
541
541
540
540
539
539
538
537
537
536
535
534
533
532
532
531
531
530
528
528
527
527
524
522
521
521
521
520
520
518
517
515
514
514
513
513
512
511
511
511
510
509
509
508
508
508
507
506
505
503
503
502
500
499
499
498
498
496
494
493
493
492
492
491
490
486
485
483
483
482
482
481
479
478
476
476
475
475
474
473
472
472
472
471
471
471
469
468
468
468
468
465
464
464
464
464
461
458
458
457
457
456
455
453
453
452
451
451
450
450
448
448
447
447
447
446
445
444
444
444
442
441
440
440
440
439
439
438
437
437
434
432
432
431
428
426
426
420
419
419
419
417
415
415
414
413
409
408
407
407
405
404
404
404
404
403
402
401
400
400
400
399
397
397
396
395
395
394
394
394
393
392
391
390
390
389
387
386
385
385
385
383
381
381
379
378
376
375
375
373
371
371
370
368
366
365
365
364
363
362
359
359
358
354
354
353
352
349
348
348
348
345
345
344
343
338
337
336
335
334
332
332
332
332
331
329
329
326
324
324
323
321
319
318
318
317
317
317
315
315
315
314
313
311
310
307
307
304
304
303
300
300
300
299
298
298
296
295
294
292
292
292
291
291
290
290
290
287
287
286
286
286
285
284
283
280
280
279
278
277
277
277
276
275
275
275
275
275
274
273
270
268
268
265
262
261
260
259
259
258
254
249
246
246
246
245
244
241
239
238
237
236
236
234
234
232
231
231
231
230
230
229
228
228
227
226
226
224
223
220
219
214
213
213
212
211
209
208
206
204
201
201
200
199
199
199
197
197
196
195
194
192
190
190
184
182
182
182
181
180
179
179
179
178
178
178
178
177
176
175
173
172
172
172
172
171
171
171
170
169
168
168
167
165
165
164
162
160
160
160
159
159
158
157
157
156
156
155
155
154
154
154
152
151
150
150
150
149
148
148
147
146
145
143
143
142
142
141
141
141
141
141
141
138
137
137
136
131
131
131
127
127
127
127
125
124
124
124
124
124
124
123
123
121
119
118
118
113
113
112
110
110
110
109
108
108
107
107
107
106
106
102
99
98
97
96
95
94
93
93
90
90
89
88
86
86
86
82
81
81
80
78
77
77
76
76
75
75
73
73
72
70
69
68
66
65
65
65
64
63
62
62
62
62
61
60
59
58
57
55
54
53
52
51
51
50
50
49
49
49
49
47
46
45
45
44
44
43
42
42
42
33
32
32
32
31
27
26
24
24
23
22
21
21
21
20
15
14
12
8
7
7
7
5
4
3
2
1
1
1
0
