999
998
998
998
998
997
996
995
993
991
991
990
989
988
985
985
982
982
982
981
981
981
980
980
980
980
978
978
976
975
975
974
973
970
970
969
964
964
964
964
963
962
962
962
960
958
957
954
954
953
952
950
950
950
950
949
949
947
947
946
945
945
944
943
941
941
939
938
938
936
935
934
934
934
934
934
932
931
930
930
930
930
930
928
927
927
926
926
925
924
921
919
918
914
913
912
912
910
909
909
908
907
905
904
904
904
904
902
902
900
900
898
898
897
896
896
896
895
895
894
894
893
890
886
886
883
881
881
881
880
880
878
876
875
875
873
872
872
871
871
869
869
869
869
868
868
868
867
866
866
866
861
860
860
859
858
857
857
856
856
854
854
854
853
852
849
848
845
842
841
838
838
838
836
833
833
832
831
828
826
825
823
823
823
823
819
817
816
811
811
810
810
810
809
805
804
802
802
801
800
799
799
798
796
796
794
793
792
791
791
791
791
788
788
787
786
786
785
785
785
783
781
781
780
778
778
776
775
775
774
774
773
773
772
771
771
770
769
766
766
763
763
763
758
756
756
755
754
753
752
751
751
751
750
748
747
747
746
742
741
740
737
736
736
736
732
731
731
731
730
729
729
728
728
726
725
725
722
722
722
721
720
720
719
718
718
717
716
716
715
714
714
714
711
711
711
710
709
709
709
708
707
707
705
704
703
701
701
701
701
699
699
698
697
697
696
695
695
693
693
692
692
691
689
688
686
684
683
683
679
679
679
677
675
675
675
673
671
670
667
667
666
666
662
660
660
659
659
657
656
655
655
655
653
653
653
652
652
651
650
649
648
646
646
643
642
642
642
642
641
641
640
639
638
637
634
633
633
632
632
630
628
626
625
625
624
624
624
623
623
622
622
621
621
620
617
615
614
614
612
611
611
610
610
610
610
610
608
608
607
607
607
605
603
601
599
598
596
595
593
593
592
591
591
590
590
588
588
586
585
582
581
581
581
580
580
579
579
579
578
578
577
575
572
571
571
570
569
569
568
567
564
563
562
562
558
558
558
557
557
556
556
553
551
550
550
550
549
545
544
544
543
541
540
540
539
539
539
536
536
535
534
534
533
532
532
532
532
531
527
527
525
523
521
521
520
519
516
514
514
514
513
513
513
512
509
508
507
507
507
506
505
504
504
503
500
497
496
496
496
496
494
494
492
491
490
490
489
488
488
488
488
487
486
486
485
484
482
481
481
480
479
478
476
474
472
471
470
469
467
466
463
463
461
459
458
458
457
456
456
456
455
453
452
451
449
449
449
448
447
447
444
444
443
443
442
439
438
436
436
436
436
436
435
435
432
431
431
430
429
428
428
428
427
426
424
424
424
423
421
421
420
419
418
417
417
416
416
416
415
415
413
412
412
411
411
410
408
406
403
400
400
399
397
397
395
393
392
391
388
388
387
384
384
384
380
379
378
377
372
371
371
371
370
368
365
363
363
363
361
359
358
355
353
353
353
351
351
349
349
349
345
345
344
344
339
339
334
330
330
329
329
328
328
327
327
327
326
324
323
322
321
314
313
313
311
309
309
305
304
304
304
303
303
301
300
300
300
299
297
296
295
290
290
289
286
285
285
285
283
283
281
277
277
271
271
271
271
270
269
269
268
268
266
264
264
263
263
260
260
259
259
258
258
258
258
257
257
257
257
256
255
255
254
254
253
252
251
249
249
248
242
240
240
237
236
236
231
231
231
229
229
229
228
228
226
225
221
219
219
218
214
214
212
211
210
208
207
207
206
204
204
203
203
202
201
197
197
195
195
193
192
191
191
190
190
189
188
186
186
185
185
185
184
183
183
181
181
180
178
178
178
177
171
168
167
167
163
163
163
163
161
161
159
159
159
155
155
155
154
154
154
153
152
152
150
148
148
147
147
147
146
146
145
145
144
144
144
142
142
142
141
140
140
137
137
137
135
135
132
130
129
129
129
129
127
127
126
125
124
124
122
121
120
118
118
118
117
116
115
115
113
113
111
111
110
109
106
106
104
102
101
100
100
99
98
96
93
91
91
90
90
90
89
89
87
85
84
84
83
83
81
80
79
75
73
72
72
71
71
71
71
70
70
69
68
68
68
67
64
61
60
59
57
56
55
55
53
51
51
50
50
50
47
46
46
46
44
42
41
40
38
38
36
35
33
31
31
30
30
28
27
27
27
25
23
22
21
19
19
18
16
16
16
15
12
12
11
10
10
10
9
9
8
8
7
7
6
6
6
6
5
5
4
3
1
0
0
0
740
